  3.3462220e+000
  2.7188203e+000
  1.8587018e+000
  1.0921300e+000
  6.7354634e-001
  6.2433509e-001
  7.4572320e-001
  7.8745731e-001
  6.3455797e-001
  3.6789550e-001
  1.6295298e-001
  1.2378177e-001
  1.9682545e-001
  2.3489216e-001
  1.4964285e-001
  1.3332860e-002
  1.2942516e-002
  2.8710840e-001
  7.8142282e-001
  1.2508343e+000
  1.4215770e+000
  1.1932695e+000
  7.2322084e-001
  3.2333944e-001
  2.4566222e-001
  5.1858861e-001
  9.5354975e-001
  1.3062124e+000
  1.4574657e+000
  1.4722692e+000
  1.5015732e+000
  1.6233437e+000
  1.7649098e+000
  1.7738659e+000
  1.5733606e+000
  1.2614204e+000
  1.0581989e+000
  1.1339019e+000
  1.4560283e+000
  1.7873648e+000
  1.8485221e+000
  1.5251970e+000
  9.6010862e-001
  4.5706609e-001
  2.7049058e-001
  4.4101013e-001
  7.9716343e-001
  1.1092600e+000
  1.2635077e+000
  1.3171919e+000
  1.4016535e+000
  1.5688780e+000
  1.7220094e+000
  1.6941114e+000
  1.4081662e+000
  9.7622053e-001
  6.4158737e-001
  5.9862689e-001
  8.3164188e-001
  1.1072919e+000
  1.1362816e+000
  7.8476003e-001
  1.7383840e-001
 -4.0808664e-001
 -7.0986304e-001
 -6.8045496e-001
 -4.7059038e-001
 -2.8581319e-001
 -2.2021312e-001
 -2.0711689e-001
 -1.1783453e-001
  8.7938048e-002
  2.9917013e-001
  3.3977708e-001
  1.3417718e-001
 -1.9220850e-001
 -3.7430448e-001
 -1.9493476e-001
  3.4550433e-001
  1.0147142e+000
  1.5077192e+000
  1.6610406e+000
  1.5593312e+000
  1.4567327e+000
  1.5802126e+000
  1.9707718e+000
  2.4808615e+000
  2.9159832e+000
  3.1933848e+000
  3.3845176e+000
  3.6127796e+000
  3.9042627e+000
  4.1301521e+000
  4.1004889e+000
  3.7364455e+000
  3.1741350e+000
  2.7017587e+000
  2.5661075e+000
  2.7945335e+000
  3.1728056e+000
  3.3998613e+000
  3.3024663e+000
  2.9471321e+000
  2.5696611e+000
  2.3866360e+000
  2.4418198e+000
  2.6039555e+000
  2.7038347e+000
  2.6852108e+000
  2.6390458e+000
  2.6955585e+000
  2.8737829e+000
  3.0276049e+000
  2.9465322e+000
  2.5356694e+000
  1.9250162e+000
  1.4078495e+000
  1.2437730e+000
  1.4738990e+000
  1.8912049e+000
  2.1900073e+000
  2.1797121e+000
  1.9007438e+000
  1.5617586e+000
  1.3598199e+000
  1.3334424e+000
  1.3626199e+000
  1.3028848e+000
  1.1290027e+000
  9.6030103e-001
  9.4517734e-001
  1.1070323e+000
  1.2916771e+000
  1.2737242e+000
  9.4415507e-001
  4.2622725e-001
  1.6946398e-002
 -1.1484605e-002
  3.9784189e-001
  1.0493234e+000
  1.6377764e+000
  1.9592476e+000
  2.0288802e+000
  2.0244125e+000
  2.1148453e+000
  2.3211894e+000
  2.5206652e+000
  2.5799047e+000
  2.4930684e+000
  2.3988815e+000
  2.4571152e+000
  2.6896344e+000
  2.9277865e+000
  2.9236035e+000
  2.5452252e+000
  1.9008419e+000
  1.2854845e+000
  9.8320628e-001
  1.0725728e+000
  1.3822621e+000
  1.6263798e+000
  1.6100898e+000
  1.3466647e+000
  1.0048057e+000
  7.4427917e-001
  5.8408154e-001
  4.1159027e-001
  1.1620611e-001
 -2.7700283e-001
 -5.9824770e-001
 -6.6531036e-001
 -4.4900555e-001
 -1.2775262e-001
  2.6898301e-002
 -1.4696623e-001
 -5.6884837e-001
 -9.6179711e-001
 -1.0469960e+000
 -7.4000165e-001
 -2.0094147e-001
  2.9329814e-001
  5.4844958e-001
  5.6735239e-001
  4.9942597e-001
  4.8239976e-001
  5.1822850e-001
  4.8870648e-001
  2.9177688e-001
 -2.7087182e-002
 -2.7234664e-001
 -2.3920480e-001
  1.1343392e-001
  6.0460141e-001
  9.4702249e-001
  9.5578566e-001
  6.8952575e-001
  4.1236589e-001
  4.0390457e-001
  7.6262399e-001
  1.3505984e+000
  1.9133670e+000
  2.2714322e+000
  2.4297681e+000
  2.5269564e+000
  2.6812333e+000
  2.8736654e+000
  2.9711844e+000
  2.8676538e+000
  2.6155403e+000
  2.4241570e+000
  2.5116077e+000
  2.9243923e+000
  3.4743147e+000
  3.8541507e+000
  3.8511296e+000
  3.4962871e+000
  3.0351463e+000
  2.7439733e+000
  2.7347964e+000
  2.8965225e+000
  3.0073052e+000
  2.9172798e+000
  2.6511007e+000
  2.3542360e+000
  2.1410948e+000
  1.9841748e+000
  1.7445124e+000
  1.3186643e+000
  7.7244609e-001
  3.3652632e-001
  2.5193069e-001
  5.8180358e-001
  1.1420223e+000
  1.6145558e+000
  1.7636151e+000
  1.5918276e+000
  1.3195352e+000
  1.2084184e+000
  1.3700181e+000
  1.7052498e+000
  2.0106617e+000
  2.1527688e+000
  2.1629357e+000
  2.1795142e+000
  2.2967819e+000
  2.4595364e+000
  2.5016191e+000
  2.3006658e+000
  1.9165268e+000
  1.5868456e+000
  1.5679915e+000
  1.9395245e+000
  2.5276149e+000
  3.0140807e+000
  3.1527661e+000
  2.9304517e+000
  2.5536323e+000
  2.2795376e+000
  2.2291053e+000
  2.3261733e+000
  2.3985364e+000
  2.3438672e+000
  2.2158323e+000
  2.1601244e+000
  2.2620439e+000
  2.4448895e+000
  2.5160161e+000
  2.3301410e+000
  1.9343225e+000
  1.5658643e+000
  1.4907085e+000
  1.8016612e+000
  2.3344007e+000
  2.7708612e+000
  2.8539605e+000
  2.5515780e+000
  2.0500450e+000
  1.5930388e+000
  1.3006316e+000
  1.1104113e+000
  8.7546639e-001
  5.2320677e-001
  1.3280618e-001
 -1.3595449e-001
 -1.9826681e-001
 -1.4393237e-001
 -1.8493793e-001
 -4.8370338e-001
 -1.0006317e+000
 -1.4923843e+000
 -1.6746600e+000
 -1.4296510e+000
 -8.9811677e-001
 -3.8352769e-001
 -1.4159822e-001
 -2.1582752e-001
 -4.3908588e-001
 -5.8729930e-001
 -5.5335002e-001
 -4.0198667e-001
 -2.7250174e-001
 -2.2500117e-001
 -1.7059225e-001
  5.0173950e-002
  5.0760363e-001
  1.0839820e+000
  1.5315963e+000
  1.6531292e+000
  1.4628778e+000
  1.1943920e+000
  1.1387726e+000
  1.4331940e+000
  1.9612466e+000
  2.4404187e+000
  2.6263823e+000
  2.4755833e+000
  2.1465805e+000
  1.8527749e+000
  1.6958151e+000
  1.6159762e+000
  1.4906175e+000
  1.2843334e+000
  1.1116958e+000
  1.1508218e+000
  1.4777261e+000
  1.9657941e+000
  2.3471694e+000
  2.4004101e+000
  2.1203240e+000
  1.7325143e+000
  1.5344144e+000
  1.6814084e+000
  2.0805126e+000
  2.4693451e+000
  2.6131106e+000
  2.4636991e+000
  2.1625465e+000
  1.8992714e+000
  1.7531669e+000
  1.6508740e+000
  1.4687067e+000
  1.1819082e+000
  9.2218970e-001
  8.8384296e-001
  1.1512831e+000
  1.5950069e+000
  1.9341722e+000
  1.9297930e+000
  1.5624477e+000
  1.0540983e+000
  7.1302112e-001
  7.1885244e-001
  1.0104075e+000
  1.3559174e+000
  1.5413728e+000
  1.5240177e+000
  1.4345059e+000
  1.4398544e+000
  1.5926170e+000
  1.7967845e+000
  1.9159390e+000
  1.9239451e+000
  1.9591992e+000
  2.2241708e+000
  2.8057525e+000
  3.5662847e+000
  4.2054849e+000
  4.4576823e+000
  4.2768836e+000
  3.8666163e+000
  3.5305995e+000
  3.4590774e+000
  3.6129076e+000
  3.7863030e+000
  3.7865451e+000
  3.5807712e+000
  3.2957248e+000
  3.0834319e+000
  2.9772079e+000
  2.8660114e+000
  2.6096095e+000
  2.1923232e+000
  1.7753179e+000
  1.5899391e+000
  1.7499137e+000
  2.1352621e+000
  2.4507026e+000
  2.4241424e+000
  1.9971746e+000
  1.3623634e+000
  8.2044602e-001
  5.6971095e-001
  5.8836919e-001
  6.9133277e-001
  7.0185328e-001
  5.9109621e-001
  4.7426549e-001
  4.7771684e-001
  6.0113225e-001
  7.0074121e-001
  6.1305136e-001
  3.1396026e-001
 -2.8535291e-002
 -1.6550618e-001
  3.7455216e-002
  4.7619771e-001
  8.6106604e-001
  9.1450972e-001
  5.6533863e-001
 -7.1683156e-003
 -5.0889181e-001
 -7.3682879e-001
 -6.9646617e-001
 -5.4940906e-001
 -4.4929865e-001
 -4.1021945e-001
 -3.1604428e-001
 -5.4214257e-002
  3.5054124e-001
  7.2714006e-001
  8.9049297e-001
  8.0708310e-001
  6.4971331e-001
  6.8325934e-001
  1.0621714e+000
  1.6980002e+000
  2.3056740e+000
  2.5984131e+000
  2.4842869e+000
  2.1167113e+000
  1.7669044e+000
  1.6247341e+000
  1.6844037e+000
  1.7950937e+000
  1.8192842e+000
  1.7568257e+000
  1.7292475e+000
  1.8433082e+000
  2.0594193e+000
  2.1888659e+000
  2.0343331e+000
  1.5625562e+000
  9.6236027e-001
  5.2857949e-001
  4.5307361e-001
  6.8325723e-001
  9.5990557e-001
  1.0069614e+000
  7.2797492e-001
  2.6130491e-001
 -1.3978141e-001
 -2.9856727e-001
 -2.2429277e-001
 -6.1128132e-002
  6.5995154e-002
  1.6846815e-001
  3.7126452e-001
  7.7219000e-001
  1.3105376e+000
  1.7691661e+000
  1.9228632e+000
  1.7190157e+000
  1.3409400e+000
  1.0924010e+000
  1.1842620e+000
  1.5851992e+000
  2.0510246e+000
  2.3083685e+000
  2.2495354e+000
  1.9912061e+000
  1.7618368e+000
  1.7186511e+000
  1.8447997e+000
  2.0027451e+000
  2.0858090e+000
  2.1287077e+000
  2.2768063e+000
  2.6388753e+000
  3.1531323e+000
  3.5914825e+000
  3.7139068e+000
  3.4566578e+000
  3.0016669e+000
  2.6632720e+000
  2.6722153e+000
  3.0196700e+000
  3.4781928e+000
  3.7783857e+000
  3.8006850e+000
  3.6361721e+000
  3.4806392e+000
  3.4605656e+000
  3.5385196e+000
  3.5712684e+000
  3.4610393e+000
  3.2610705e+000
  3.1371703e+000
  3.2129856e+000
  3.4315348e+000
  3.5595194e+000
